best model found at epoch NO.13
test:
loss: 0.36060610194664217
ACC: 0.9152542372881356
get_F1: 0.9228130360205832
AUROC: 0.9603206702296693

