best model found at epoch NO.13
training:
loss: 0.37052398345079507
ACC: 0.8692532553813447
get_F1: 0.8846694796061885
AUROC: 0.9391368098578717

validation:
loss: 0.35827646215921616
ACC: 0.8921161825726142
get_F1: 0.9037037037037038
AUROC: 0.9436502428868841

test:
loss: 0.36060610194664217
ACC: 0.9152542372881356
get_F1: 0.9228130360205832
AUROC: 0.9603206702296693

