best model found at epoch NO.9
test:
loss: 0.37197920876483237
ACC: 0.896421845574388
get_F1: 0.9026548672566371
AUROC: 0.9619673551928356

